12380
12722
20615
9589
17457
5349
4214
21700
20173
16898
13096
17920
25498
12978
8584
9596
8320
25483
429
24484
25892
30972
15339
31440
14540
5041
2531
19601
6298
19864
4896
21287
27265
5351
6242
3406
13519
17745
28073
19207
30565
26131
7740
7505
31663
24553
28972
19493
20487
8406
983
15482
14073
16684
27090
32116
10159
692
20041
30375
29634
27849
7577
24490
15526
28120
8725
23389
23958
19725
17531
8946
29225
32642
28222
31633
11677
27404
811
23302
17135
7421
30577
19296
20348
3283
18353
3663
1787
1519
12101
14591
18241
13363
10217
29285
25350
31081
3168
16763
