22423
32686
7026
28959
16855
17920
24966
15802
8705
11855
17760
17255
21155
1091
22764
29785
10514
30810
3349
26425
2767
9198
2323
32137
17384
25293
16680
24143
18051
20197
7661
27098
26606
16425
25652
13155
20055
27824
7803
22436
2320
14306
28241
10834
30170
22784
15253
20299
28424
9420
1120
25374
29288
9068
15253
24956
10833
18643
6661
24964
24730
16806
9536
13950
15866
6542
25093
14110
16878
8823
19239
5120
8777
8554
15962
4618
30605
29725
14844
28005
7884
5227
11391
28091
5007
16803
14582
15601
3318
30618
13917
10105
1783
25219
8670
6822
8171
64
28179
19092
28989
32533
25449
2483
19911
463
16821
2976
21073
807
13455
23680
1026
30531
19471
19640
29486
31550
31329
7079
9003
1379
20150
25507
4144
6565
16583
3539
13715
3459
13340
17153
19645
20106
29545
18609
13021
3857
27072
1748
1500
2603
11595
18037
20267
21841
25475
29762
29076
20367
29932
32049
23354
5050
14257
30908
10659
11078
15449
20576
888
29475
9765
2080
16559
29103
21525
29178
7424
11151
31183
23013
30647
18895
24724
20627
7981
6022
9611
27745
31198
1641
30297
4003
16829
2779
20897
30396
2457
30105
16648
6833
31021
9025
15414
14219
19820
6048
16440
30658
6850
2643
4395
26824
29904
17261
20769
7809
381
3270
19539
31841
7841
9398
28717
17430
22301
22692
15845
18583
2510
30651
20002
18309
16231
14510
22164
22424
59
25362
1703
806
4015
19997
7620
21302
20594
18230
26579
32172
24568
25266
14195
9429
21996
20437
21340
26039
6816
18100
30197
20499
17059
32171
11438
29647
22449
30879
14941
22753
30141
7939
18112
11187
7591
32372
8647
28022
1962
23762
5423
25805
6266
9993
7224
25973
11785
2046
20994
23186
18662
18034
15624
2147
27153
15915
10993
2438
3011
28575
20720
2921
17548
75
30525
32544
17748
16168
13962
29353
206
6053
2257
5624
10919
24413
8085
16291
6729
21561
11963
19461
2034
30856
28289
3538
13240
11994
8862
21128
12512
28908
23854
20696
21664
4318
6450
18835
8749
567
9484
523
32070
13166
10100
1626
9365
1039
17686
28811
25083
24742
791
7582
15678
1045
21200
9010
22993
31056
11085
27704
7408
8504
8671
30077
15188
22106
28243
24049
21999
29153
10990
8755
29885
16825
32062
19980
11667
21224
6769
19147
32665
23845
28676
23001
24668
1239
26838
1326
22900
30691
9982
10023
13032
17286
22658
3939
25444
25459
16784
6570
9068
23630
17954
1615
2169
26141
6338
8652
12365
24342
21376
11256
22450
5511
12237
31220
21147
27500
9075
31291
29808
4050
20693
31395
12371
23695
27769
19116
9155
10941
12279
13156
9599
28596
17289
12961
3470
7684
19250
32386
20384
12947
9623
3701
19756
24265
11904
30807
23554
22481
13938
11470
15892
17747
28254
14078
11435
23192
20909
29044
6931
19964
6786
113
19288
11554
20535
8607
4157
28190
14039
1159
5551
27688
25956
26158
1129
13116
29726
976
1016
23347
14668
32118
27562
1438
7641
15278
31336
6596
20704
27138
27807
6009
10936
25866
6834
20670
12717
6502
13694
12693
2095
26633
17600
17884
12805
6594
18414
2831
18961
28696
30190
6316
699
3557
27926
30827
4912
3003
25469
21855
3858
13453
19181
27144
3566
15898
18874
9793
15019
26286
20406
27425
28961
19758
12250
17453
9124
4789
24370
26924
8108
29384
29034
4787
26255
1351
8340
8121
1812
2650
22563
4981
12495
17345
24089
31501
27577
32062
17408
1050
30353
30991
30439
27401
28515
28246
11763
25660
16776
2386
15009
30821
23476
13490
22202
6058
28461
8645
24113
14620
11181
7673
4803
5934
10265
24272
18866
4080
9169
11373
28198
10102
27576
15173
32069
29096
2072
871
5005
21823
18199
3864
7328
28516
27111
622
22189
5608
25575
6483
23128
31581
29693
10076
20714
26227
16889
2209
23757
24290
27070
22514
31718
1177
31645
7954
1229
29481
21245
13681
26532
4256
10477
1105
10522
4673
18138
23287
13832
30614
18177
14137
12046
29198
9089
10641
14448
6859
13368
7167
18997
32494
32475
7647
28353
26794
19422
12587
20952
26976
21633
9184
7157
10920
19106
30097
14688
2802
25411
28111
32449
28160
31552
31933
11794
31160
21050
4860
5121
2930
17852
874
20619
30389
9092
24856
13985
20170
965
7935
11160
21608
11958
22725
15505
5417
23295
29408
10459
3333
26051
6218
17745
27765
7034
6029
19094
25705
19732
10635
12982
370
7361
29121
28810
17947
27776
2020
24580
24997
23314
22203
17796
31408
1724
25443
19803
14624
10653
24513
17685
13207
15738
23097
30000
17747
4120
21275
26285
5388
8098
4828
31737
19331
23612
14411
6097
16540
2460
4351
29911
7121
22035
6384
28092
2913
14990
54
30577
17854
3785
2853
952
29307
2162
18400
25948
14447
23370
11768
5012
6767
13410
12688
4004
10149
29420
11297
18709
11632
24934
5527
13130
1732
27687
19750
19130
12637
2198
30802
7126
18065
6106
15552
13503
2977
5495
28567
26909
6054
14962
26763
17435
6222
19701
5674
29154
31909
2216
4894
17105
28428
17973
28819
12
25330
11574
928
18350
12463
26808
23767
24313
26758
32667
22292
12833
15418
23907
13120
3057
7113
24722
17582
8341
13492
23582
31704
24236
11911
27021
24172
17041
25778
5905
9141
4879
3549
30653
17673
29831
1528
2805
11553
5542
25374
29691
13818
21598
12045
21590
11155
1588
1423
6619
6641
22519
24142
11241
8552
909
29425
2021
1495
16325
20082
27784
9870
20920
13444
961
5155
16887
32115
12808
31464
26587
4527
21445
27693
7124
16951
17869
21465
501
13638
16350
12588
29283
7304
25097
29680
24917
28813
31737
28685
14086
12725
32472
21528
12859
1248
27017
28653
21664
1625
1640
23558
14438
31500
7143
1557
29464
25871
1076
9103
13563
29346
17452
17435
29932
22497
6330
12028
20807
14063
17482
662
3883
6403
19206
7016
2522
8725
25014
17995
12586
30087
15877
28644
6946
6053
828
12276
28048
19829
6569
22136
3925
23025
158
13755
18744
8947
18198
16605
18654
13312
9739
24844
12230
16518
29937
20343
15475
21957
6589
1789
30494
1139
24806
22386
19050
6439
5984
20474
18797
14380
3614
30029
22813
14855
25248
14541
17609
2836
1212
11204
28334
8006
2328
19580
2742
26734
20423
13497
32713
2065
15518
29188
15500
15919
16810
18682
21282
5929
12952
21811
21791
5726
6945
23862
18273
22013
8271
27032
17370
19992
20307
741
9925
4165
17513
29340
32726
4687
22502
30600
8838
16603
17445
31611
4852
6626
1375
19710
31864
27344
16104
6825
355
18987
10875
18869
20480
23087
32750
8645
14518
22831
28078
30218
19493
12623
1470
21614
11211
23607
25644
11295
20649
23712
15321
21985
19076
27686
26208
32459
2623
22656
26750
31968
6458
25434
25462
10918
7511
23680
10026
1107
16454
32246
30484
25148
6385
6201
28494
6239
8881
21535
1372
12183
3193
11411
2932
5115
1595
22745
23372
4197
122
30823
23003
27322
9836
17608
23396
18848
569
6590
15018
5763
5889
25081
31075
12190
30998
24254
14765
25296
328
22427
14183
2095
7154
27043
445
20991
6536
884
30750
11412
507
23173
8861
5824
24012
12419
10574
7010
1728
22848
8716
28918
17490
4828
19596
10747
27965
828
30130
17661
29126
10464
21705
32317
30051
32274
9695
12322
15622
30641
12419
3190
14804
21033
13371
22958
24044
27426
18315
18963
29863
17289
29865
14464
15
13356
2378
8019
10134
2622
6418
12116
2261
10005
2811
5151
21504
7563
12826
9522
7086
4428
19078
31540
25906
22852
22768
14785
27690
2881
3776
11168
23811
19017
14594
2195
10062
16897
9137
4246
8335
22041
15299
14380
2399
26932
12904
27121
1707
7670
22512
9974
6879
22992
7056
25198
25828
27179
27391
20514
12734
30985
24850
14134
27608
21247
16078
267
7224
16663
386
18573
26421
4122
15572
21057
31854
29125
24175
27075
14533
23216
32309
27
12993
22344
1985
15745
9534
19082
30968
9351
28167
21397
12581
16100
6386
23953
10154
14995
13406
13228
1758
30843
4907
9284
11004
10499
19930
19932
29441
29584
14424
29965
19449
505
10498
5536
5946
10006
20409
13493
1608
8569
13501
16020
15233
16740
19035
17162
2839
18621
12053
27001
14284
21132
1872
19597
3016
11847
24590
3188
15509
32715
3180
16686
32019
8053
24863
27480
6518
20106
5920
29165
23826
32601
32053
31075
6107
19876
8871
11540
15321
28187
22676
13239
26038
14203
12747
13710
15751
2617
26544
12793
11226
13078
10523
20934
18856
3621
22121
16652
14515
8135
3477
12
17883
29179
16927
24121
13699
29499
22636
17930
2846
10463
30490
3225
23913
28154
1144
6185
1717
7282
9709
11681
28558
29505
27943
21467
7062
12901
11572
22123
13545
23230
9602
6699
8544
23212
30462
31888
3949
6368
19661
27202
16588
19446
17420
15261
7299
2585
18452
26463
11931
4063
16181
25886
15746
28611
9299
5183
29253
26741
12124
29223
6587
544
23968
28800
9282
14035
3908
29632
24561
30769
30419
15592
16841
4502
18679
3408
9253
8411
18528
19198
2793
8669
20765
7113
30505
23386
5064
31858
20345
16292
19521
24998
31410
2047
16118
20508
14705
28838
23225
27777
11602
4372
30582
11111
12922
2531
19412
3844
31768
21811
15316
7871
14561
6171
25664
19963
16941
17283
10936
13716
11232
10402
30173
9339
25839
18173
16064
25786
19391
12054
43
18220
20941
7685
31870
27242
6696
3587
7755
28690
20363
32584
28184
7959
15485
21179
13077
19956
9128
18298
14821
8182
27844
31045
23115
9330
5346
15031
7655
21026
2914
1665
17663
4936
3428
28299
15656
23483
750
30245
9942
61
32544
11499
14538
11364
13981
19654
825
25551
31259
19562
588
27365
13036
29613
8977
23557
30113
27400
12047
18270
14091
30828
15143
8702
20616
22262
24105
29866
7935
13789
30204
10468
28094
11055
16284
30089
8547
3518
23065
22653
6801
30681
6929
6436
20020
28308
22638
20074
14991
20559
14142
7708
28271
2944
18602
15984
23954
24364
31668
16384
6799
22487
15393
29227
5809
4904
21423
15018
15383
22554
17809
24556
19732
32142
18740
12504
29404
2599
12496
26824
29424
5127
12618
6115
4542
32415
15784
15011
30052
19891
18906
21793
9256
30767
11466
14374
452
16931
15496
11903
17829
3851
17142
32007
4300
27407
26271
7681
31317
9184
6607
1742
1771
21473
4252
6524
26795
465
7215
276
31701
10060
3549
24877
29941
13490
28498
18649
24079
19111
23079
3708
10931
1371
18109
27079
22046
30542
19856
29636
26752
542
8161
10042
2595
16608
22178
27682
943
5668
12979
9647
12630
15806
13888
26232
3738
24349
5262
15480
10710
22162
20162
19583
28345
24157
22407
12860
18052
23152
5162
8270
2951
4318
8859
12200
5866
1156
20894
4507
31551
11004
9764
16036
9431
31082
15046
22420
1230
9450
15486
18214
21906
482
30399
16534
4498
13062
2497
11185
7741
27138
18959
19776
30399
17210
19916
21726
5264
21307
31940
24369
23208
28517
29780
21944
24593
13951
7327
15341
6719
18061
32285
25791
31826
10739
23260
25894
32549
8905
4438
25778
13363
17347
29730
3696
11124
2996
487
3652
23081
5134
25986
30208
6860
26648
12351
18970
11604
6927
5210
28919
3657
7862
23494
24919
23672
28730
15032
16887
24215
12102
17638
3082
7976
20209
20831
25880
25936
10835
28625
12909
17325
16551
16334
15703
15274
20423
25777
22456
7336
30643
14743
10933
7119
31129
22234
13723
5830
21242
14458
4932
6066
29678
23477
6071
17374
32537
4615
21018
24794
18719
23729
9418
28373
14548
805
16723
28050
17689
16234
3537
25813
927
28263
28318
898
9313
1918
12874
14017
30658
5742
18820
13367
17457
9588
6067
10060
6063
3033
11701
3286
1775
26446
28382
26712
5495
31881
13794
11833
22117
23010
23060
1748
6954
11863
1856
6689
14633
1723
7479
21147
26368
26237
15356
29053
713
11947
11476
17942
32377
1563
6184
3111
9301
26476
15574
23789
2964
18204
12526
4296
28472
28164
27342
19851
8540
31358
8909
28133
30650
301
22752
4551
15762
31603
678
32353
23186
26961
32167
3586
17208
21092
25755
21372
15001
14558
19643
12323
28951
24352
23633
29380
18406
8668
19629
12227
27648
14252
15169
25037
5445
14668
20753
4543
21655
17319
15874
14315
18359
25510
27717
24150
14395
31309
1735
8165
20933
10261
7436
9696
15501
4938
5710
8673
26633
29125
27983
9632
30742
3984
3678
25025
1839
16443
9552
19815
22292
14250
20035
23455
26815
7555
20429
26774
9853
13273
12913
23565
9871
10357
15667
11814
30158
20769
11215
23001
25653
373
19263
26160
32515
17070
29783
15320
7097
26659
31325
5232
27933
16360
24623
23578
26845
8994
15748
21517
26045
10426
9003
6873
26609
20396
23120
24196
23155
1274
3117
1017
6632
1818
3123
1511
19960
32225
7341
16163
24898
24041
4611
23476
15047
12288
7222
25957
7422
8391
3312
13362
30210
19721
26402
6865
11872
16306
24365
20296
18551
19789
13373
23187
14349
2050
5050
22073
31193
21767
2516
4959
2163
27948
11087
29290
20761
28890
21638
26828
18980
20653
17786
7948
10735
22199
26029
29231
2891
2415
893
25159
19070
28116
6298
24674
298
8908
11687
22285
18058
12408
27573
2173
2861
25694
2209
23644
19712
27805
31579
15887
8387
5636
6047
25837
25082
4602
27377
17138
27820
22599
29696
22055
24249
2746
5452
29272
12475
7439
5849
11857
32392
20608
9587
18652
9276
1513
10721
18858
404
21065
5041
7832
15868
18160
29637
14687
17564
8005
9732
8100
6753
13124
28768
29833
6281
32269
22952
29293
11487
5498
12398
10461
6123
25310
12415
9818
2959
11264
462
17479
19323
21024
21450
16875
605
23491
14789
28522
24645
7097
13385
18351
923
3985
15305
13892
22617
25608
29246
25437
19304
26326
18084
26945
1164
17368
30484
8108
4729
31209
31616
24233
19661
26523
14983
8577
30912
25023
28073
19623
9407
12756
5463
12370
3869
1824
90
13554
22842
9729
17149
9774
16562
7338
14
19150
26099
30190
974
2923
27843
5570
13082
7539
4990
826
30239
15228
2041
4664
26877
31843
28813
30178
8428
3445
8329
9795
19795
13376
7192
12506
28714
11534
16956
20045
18188
14658
29945
9859
8200
3782
14928
4443
12664
816
25301
22415
10880
28143
16816
10915
27179
26039
894
2679
15841
15621
28165
25436
32597
18373
12206
458
20512
10863
8784
29593
546
16532
1641
7255
14080
10951
15524
25221
16936
4849
16560
15258
18586
16252
3359
5545
16780
997
164
16378
28637
15754
30764
14901
9836
22080
15399
26897
31403
19536
21908
17691
7295
11015
4033
28877
17324
3731
10455
1178
30211
6140
22079
2165
26649
30989
31331
7055
4950
15900
17119
1050
1781
29622
20709
11547
30874
1124
292
322
26253
21253
18089
19412
10141
374
10155
2623
28589
6755
13629
32282
13492
27386
26361
4003
19779
9683
3977
7823
960
27040
23243
28450
18761
32194
9119
26210
989
29561
17183
19878
3656
20991
31057
25288
21995
5244
7246
32105
10340
29113
18362
21478
29357
25671
6789
28121
30795
23733
12110
18798
31152
22335
16531
13593
14112
22980
5297
9498
2342
31208
12379
22787
12385
2853
32390
15608
32295
2773
26065
15750
21160
13401
31562
648
26229
21465
2424
31117
17658
8524
21232
13658
19678
12817
15842
2491
7672
16325
21954
22254
31235
13384
420
25379
14480
6265
26409
27687
12284
32527
22685
30381
31282
14409
29306
23560
14387
25005
26586
28817
4808
9462
23026
25074
31902
13339
13979
18229
15942
6192
16640
11125
27738
16960
13164
11528
15539
17610
22687
23576
31846
22222
3026
19886
2819
19893
24712
17264
12786
13847
30659
17295
2904
30031
26342
12816
28134
18772
22373
1214
13195
3338
23688
4390
8866
5076
3343
29831
6843
15380
25693
20002
14447
8951
16890
15994
4725
1263
6160
32493
15144
25497
9895
25662
21301
29601
10394
15296
4253
26204
25052
21477
3736
16406
14991
13656
27163
19882
12359
19468
27632
6156
23902
4003
27452
25382
2523
19400
29238
28348
7772
26925
14473
1941
9075
7154
22360
8687
1410
23158
7536
31543
11817
20467
14225
23358
26650
23241
25649
2311
1899
8418
5920
23095
3150
2010
8877
26708
6667
441
28312
23821
11535
32195
19238
20425
14358
30903
28040
21015
8418
8126
19250
2619
24436
24019
31420
733
21114
6867
24881
12694
18363
1438
3812
15583
434
3151
28974
17976
13941
1779
24875
29155
4556
7371
8012
74
5972
14214
4341
28546
24839
17181
29743
32698
18078
24219
15100
9901
26003
17325
24083
20702
27915
18411
15213
13074
11096
26271
6268
14601
13309
31349
18718
879
17484
30897
20791
17343
22438
9005
1681
17834
27535
17028
2240
16781
18294
23025
1847
32464
16380
28184
13957
324
16358
25133
16447
16875
28997
13735
10267
12513
22201
10975
24026
25239
28603
12826
5067
4647
24886
29889
23923
1035
14363
14974
23398
11798
29158
26674
26569
4586
27683
16175
28177
18815
26836
3129
18456
20933
31798
30281
27119
8732
6810
16829
2846
31755
4608
25647
31817
21509
15963
4272
18736
13934
17301
5653
2180
17205
29134
15100
8213
4698
29167
11745
16076
28885
31498
28035
31108
4086
31934
29889
28267
29069
4118
20128
6316
28567
22429
24436
1771
1099
7193
27811
30145
3998
9788
20568
26881
753
28878
1018
25807
4453
23109
10371
20167
18409
24575
6820
24644
23642
19368
15682
24187
10870
17919
15585
2161
27835
2926
6615
11412
19581
19310
31005
8542
31533
31406
4594
27461
20469
3166
8357
1580
32252
32657
24468
11064
15608
30871
17162
5357
4516
21512
10146
22197
19829
32382
12148
3390
3640
11709
8082
23659
15136
1207
20821
32537
27336
16942
5327
16177
1142
11217
27722
7858
29772
32160
25514
28968
19563
23296
12279
16171
29958
9177
11006
22043
20579
12619
22243
5095
24285
20072
19378
19775
3336
11220
18945
10309
7671
29075
11678
4919
18302
23886
30624
21625
32032
1014
13672
6776
26560
5295
4314
30335
22163
6665
155
27097
45
15659
2638
23547
32626
29031
24577
11589
22120
5285
9620
18139
11676
5181
20242
23984
6414
9225
814
30725
19626
21960
24484
24224
944
24388
17140
23833
12662
31389
7388
343
18335
22983
26454
24267
6638
10343
11298
7980
14727
31821
21093
11520
31700
25073
28796
31402
778
15356
17832
23507
19967
18755
27847
21228
21547
4649
5243
23949
1904
30518
21897
13839
12948
28836
21658
1391
29200
7181
30293
6795
28604
31244
22034
22729
5811
4065
16483
19259
25783
26465
20285
30974
9699
13806
21021
17719
26015
24831
23358
31213
5279
8790
27274
19182
6478
8045
24403
26774
1705
30257
25905
18673
5080
3502
22364
3703
31337
22995
31039
25104
22608
16945
29422
3421
29220
30106
8520
20391
565
9745
26611
15417
24434
28321
21594
3225
28038
21120
31015
18879
20100
5922
293
29342
11606
14275
15849
15318
9604
15928
9291
29581
27892
17506
17490
11856
17126
14662
20281
1447
23428
27647
28026
3822
28045
8001
1382
13802
25531
17878
14426
14913
11648
32331
10818
8601
3310
6373
9055
29058
18646
31736
7026
13303
24276
22743
26213
6368
29001
9989
29375
5656
12506
24260
17715
21398
28145
12719
4138
24538
13787
28563
16378
802
28613
16987
16624
4703
25942
15310
4633
19114
9287
3213
18109
16482
13102
18499
23720
14070
6681
2816
28839
3266
20776
26787
28604
17227
15552
2777
21443
23943
9460
11936
14278
28265
32074
20945
19470
339
3369
19500
978
2890
31734
12130
29446
18753
8839
2195
6261
32575
14823
15597
3642
15681
7164
32272
7247
24199
16695
18272
10312
27552
10883
20245
3437
19885
20053
3283
7490
5606
20090
20537
11440
10950
24469
22885
10356
9916
20501
15433
13259
1211
17766
26455
15404
11992
10163
31398
19949
16745
6159
11122
9395
14123
17296
24788
18419
20593
27573
590
7736
6162
9136
15800
6077
16029
350
28424
10859
6461
11360
2306
12661
5742
17233
6194
11003
8136
11664
31118
32075
30146
16788
11510
5777
20307
6247
26667
7870
4218
205
23244
10882
31089
15255
30483
14641
31461
9292
16876
6026
9641
6299
9030
30105
26044
28987
2664
22115
19489
10403
12014
15291
19704
590
3561
523
17543
18852
26226
8898
7157
10078
24396
8723
22933
350
30555
13448
9090
23897
11997
30710
3801
29219
4658
20767
4933
23134
8902
8948
6100
10517
19747
4857
26338
21288
4006
10532
17191
30590
11672
3612
5800
17437
28997
11162
23797
4892
16364
20120
4413
26825
16452
22606
10338
27819
31930
21882
29579
23084
15925
15937
15920
30613
10764
19488
3506
17245
23131
24490
23278
32191
23067
25885
7182
9838
19650
32626
21745
29262
11864
28949
25456
28903
2067
16010
868
30384
26916
3147
12681
28369
4786
11342
32352
1620
9307
3529
12623
32672
16052
20186
6643
23129
12448
12312
18863
22404
14290
30097
9455
30324
29271
21079
11207
25501
31800
2003
20889
19913
29458
30731
15644
20019
19880
31605
5076
27466
9755
25423
6816
10865
12192
24741
15041
4941
23900
26974
19343
21956
23070
15869
23049
17722
10095
7934
30111
17529
3466
2722
16620
28289
32573
11318
16651
25663
2837
18187
31445
4475
24747
15311
23758
454
18033
30528
21934
12593
24645
29517
8301
4984
28551
18412
3957
10316
17546
6862
27467
20250
22831
27676
21985
26402
7269
21818
10866
18880
8538
21162
24452
9795
9134
16839
15134
24717
9011
14339
30141
28977
28927
6499
3800
22338
27910
32354
3567
926
12378
622
18578
3902
28100
13238
11243
604
16973
29238
4546
10630
26416
22443
24017
31652
2827
16657
6050
21150
15511
3409
27361
4584
28090
28563
25555
31873
14879
28008
1643
12421
7741
31531
2751
20772
17097
29279
26757
20690
15433
11674
4372
29533
11453
31738
6495
18822
18816
18252
3569
4755
11346
30176
25407
4421
6858
28145
1758
10903
30572
5661
30563
13211
12603
28642
2272
21877
21242
14921
27502
18479
22495
13988
27674
17690
22987
20626
20692
24409
5133
9127
24878
15436
20061
25936
13794
22548
10609
29248
3481
2246
10716
29035
803
6815
30008
25211
14558
12370
7453
14018
11230
16643
21364
15417
619
3655
11534
16117
27049
31052
12064
3314
6866
5869
27311
24898
536
13670
30680
11817
15086
8034
2973
16349
3983
4692
29043
24927
29528
19167
9739
21724
2769
26534
31985
31936
20146
10658
4356
24069
14969
11419
17611
5203
32016
25633
27855
13808
30064
26347
29741
25626
13742
31572
2625
32026
30208
7919
15037
9625
5895
9212
5561
19477
20657
21091
10671
23956
16657
3348
25012
13621
25108
19640
6092
6395
11568
23362
1584
28710
9301
32744
4171
31603
1344
27986
17230
27999
21093
6041
26021
429
9088
30116
5888
13351
9122
7503
27207
14220
1260
29628
1933
32359
21138
9680
19466
20951
21321
8256
5994
32211
26728
17465
19159
15769
19653
26120
20876
28156
2408
21229
4767
15423
3506
29406
27303
9337
17160
6767
3004
16532
31046
16316
30563
16832
27189
25455
21884
28633
18708
25310
2882
29769
15889
28171
17142
19710
29304
18389
17299
1486
28270
16087
20920
25903
17356
23943
3759
13460
2786
17328
3143
12958
27506
17254
754
10050
5314
32167
14411
28401
16382
28400
9506
30933
8014
5178
5133
6729
24555
26401
25389
29002
30593
25359
8513
25949
25984
30822
8668
17339
24271
9445
22586
27902
15025
1893
6085
16923
10849
32352
4598
31585
23196
4845
18212
15789
32513
17614
1779
29596
12087
2537
16883
31345
26932
7425
21442
9831
20731
21226
15084
4874
14282
23820
32439
21293
592
3023
900
7676
14111
10582
31696
18041
20672
10496
26080
10599
21733
16461
8533
2241
26249
2129
13329
28767
9499
22675
26031
25891
10239
9687
1547
28633
19219
10545
9050
12260
29107
29565
13899
20168
25228
6823
32704
26229
15387
16281
11399
2362
4714
3154
13512
27127
12682
10720
22718
17914
25838
9056
19167
17333
16282
18288
14423
7013
11669
19853
16696
3261
32478
31239
8758
13806
27491
31984
6717
19114
11950
28014
88
21867
4000
582
6164
2679
11091
75
25630
6549
17932
25549
31623
13200
611
492
21597
24696
1493
4107
25566
19160
23909
24271
15258
21329
13898
1869
29197
32455
586
6364
20868
20587
31326
28739
4334
10011
14979
9686
16190
18749
30671
22361
15874
21385
1870
26779
27197
4252
4721
31966
11573
14782
3997
15250
17573
343
20518
2883
281
27957
1697
21571
22756
12526
8580
6804
8074
19165
15811
31911
27436
23166
16548
32119
13480
17853
13598
266
1346
21706
17623
10020
25599
19046
6967
2074
16335
23843
28513
26313
23520
10345
21146
8926
21385
7847
5697
14956
16791
24634
19674
22312
23412
14595
17978
21912
16044
14502
24787
28788
32325
16942
1863
26634
2417
11632
24869
24841
15629
18210
17107
32345
20790
31261
17229
17302
26475
20301
3970
22718
27290
17924
22798
30031
14209
6777
13605
12336
30540
28148
22113
10920
17388
28783
13232
1538
9847
8823
29014
26984
1166
13157
21726
29493
27411
19147
2302
5162
6102
15211
16751
7146
31339
24737
15114
18085
13225
28613
11788
23272
40
3897
4727
31550
26240
32118
1400
19296
12513
24652
18780
26506
17963
2037
6663
26446
23946
15549
23162
7961
20096
26382
29399
22949
7684
24105
12887
16306
592
5760
21863
9786
22485
15798
15753
18470
26092
3023
29616
22089
11644
24037
5878
18268
7597
29493
18157
10037
18462
22440
11338
24900
10
24331
29629
7575
18212
14777
22316
13361
9947
17634
30081
11314
11709
3093
21442
5255
32720
21260
4652
19046
6683
14778
1422
64
3172
13605
20952
26623
21764
18591
3796
8046
9674
6065
10826
12244
20908
5211
8957
14780
12835
13478
16137
14725
1628
18625
5943
20602
17877
19491
11423
19718
7322
7041
20785
6568
6265
20994
18222
17174
1761
27684
26964
21451
29166
7538
20093
5774
26405
26510
30274
11723
6517
1789
7395
17548
3280
20570
1221
27318
31222
17698
25078
3270
22040
32483
13553
31464
15991
8514
18145
11107
11164
18403
24768
10574
27735
25399
31461
4538
2211
25311
27462
24680
6887
26399
23
2878
24392
10269
21431
28898
15363
12939
627
8216
13097
8409
13565
7219
13364
26953
25778
2154
17656
13798
11473
7032
8560
28929
21304
12310
15367
14786
10155
1243
26364
25648
16458
3249
24722
19483
15588
15388
4972
29617
3376
4990
30396
1351
10917
2329
4364
1837
15287
15495
4348
14446
32267
22618
21429
19451
29557
14653
5318
29590
10128
6399
26675
18339
22136
5310
4530
956
19305
1568
28561
21081
1805
14718
22367
19397
4129
13667
7473
21624
17418
11471
8125
951
2278
25308
9640
26865
31807
23879
4549
28999
14455
12653
18653
24677
17958
6711
26515
11428
7760
13706
15059
20641
17566
3988
32717
5239
15479
30654
12855
2699
23432
29650
3965
10219
3933
22699
8443
29595
28689
10809
13846
925
25348
22818
3371
23096
27038
13490
20967
22902
28617
13264
30437
30760
25374
26925
21466
22941
12035
7585
21189
20488
26496
10189
19828
7662
10216
18050
12000
12798
18078
1455
426
32014
21381
27662
25255
30682
23667
8953
23053
19072
26547
13822
30096
2978
2297
27409
29257
27466
5994
29679
379
22480
28616
30721
19555
9128
17264
15943
30010
31076
14032
17002
24313
564
18793
11663
16771
11808
2996
8127
24697
30885
26305
15132
30637
23445
28574
9705
491
8668
4736
14668
26879
25794
17641
30418
3183
1902
5698
25671
5283
30872
96
22810
27173
31768
16925
22038
31418
5222
31866
20011
13411
4723
30504
14223
23068
15102
14012
10554
27554
32763
5204
27518
23553
8098
8521
32150
18055
26996
24748
32092
29498
1577
10542
18213
8641
24536
8678
21664
28933
20006
28889
25536
11365
18904
15323
28487
18646
13798
16992
1289
21082
16133
10940
19540
30021
9791
14675
18472
5006
4668
23183
4113
9906
8927
9227
4662
20970
13619
26827
6155
9632
31622
22637
3451
10145
1508
6183
26072
4826
23097
7720
5704
28580
17117
30036
5153
9105
11683
27294
21627
6179
17386
222
14252
17990
26584
19016
1891
19848
29775
6510
23569
13900
32552
15290
28771
9687
2123
18703
6137
12036
30702
19477
21122
32444
15810
26382
28920
28057
267
16992
21343
8615
3004
12374
2039
11718
30173
22706
13321
31076
28720
2706
17223
9378
24625
26391
29429
32089
14237
29958
2234
15611
22316
16721
27630
7690
20011
6369
12437
17039
26828
32152
9160
22169
1792
23598
6630
31417
23103
2370
31658
10173
15507
4299
14649
30419
20487
18688
21069
6588
20662
6987
11089
3043
11608
12210
10460
9576
11323
29902
9709
4300
7011
18981
29555
20121
18682
14734
20532
17189
31189
17011
16051
713
9024
2704
5180
9630
18571
16119
28849
19130
6146
27711
18655
25645
6964
10792
25408
11340
3238
2965
14228
12872
14806
14303
23028
26876
13073
24908
30246
3693
13231
27862
4932
5712
12569
32149
8130
10205
27174
7185
26480
10735
22776
16098
16148
4381
24066
8111
17173
21950
30027
12512
28366
21532
9239
2450
28241
10391
4014
4817
32267
11425
9587
30556
24283
7301
1039
16371
7272
8709
11094
15105
6217
6115
4416
17554
7704
23578
28219
10388
17207
700
13999
30783
14218
30298
27551
18886
9067
26547
22312
11318
21282
7343
18451
10413
6658
10503
10943
2791
4549
20738
7024
2356
2377
23661
7070
24792
17696
5690
31934
21819
16384
24354
28333
31525
25104
13919
16080
31691
6662
19879
23124
6562
31792
24177
5351
7462
18551
10351
13858
5405
24153
20642
26188
9523
22733
16995
18814
4076
32285
27370
32144
11315
2535
18707
11272
31867
19148
29293
8083
4430
15509
6469
7685
10098
29774
1618
3599
7545
13354
26231
11656
23966
159
8999
5949
17406
32505
19876
1418
32623
10896
30999
291
21922
23760
9950
23421
5817
9627
11780
25824
24886
26245
27564
12818
30712
29493
24311
31134
19003
12147
22746
11221
32015
4522
21605
32482
27480
13273
6141
2269
9040
9286
5273
2829
18550
5714
15819
10877
8520
8645
14910
26805
5813
6496
6422
5696
31985
21094
32320
28373
5153
17443
5773
19149
6894
19088
25217
20166
1388
6303
13635
25129
11850
20086
32318
14755
12824
5743
9576
27626
6112
14241
25977
18262
13090
20893
16358
24277
5430
25992
32555
32001
32428
8286
8826
15890
28146
28616
728
31692
22406
19004
18377
8952
595
13871
6070
1763
29268
5835
7600
20205
28466
32022
24756
1828
28944
3362
2540
16466
1040
4106
21892
29861
13651
6606
32004
13228
12088
9285
30544
23286
6558
32651
18525
9145
31381
10901
29618
194
28760
19006
24741
16146
2577
12724
19833
26775
12587
15281
12819
15431
2203
6620
30366
12437
17719
17217
2978
5277
1392
16892
14268
28596
25348
18871
24128
30767
6540
4060
28115
22356
4762
1085
170
27583
31338
8684
19343
30329
9218
7944
5622
28127
3491
6613
5670
28944
29299
1389
30550
1667
24212
26683
22602
4568
13915
22696
9563
20845
6472
31643
17896
16930
8126
16167
15386
11381
30271
31641
8425
32109
17702
29469
20972
10860
19052
19300
25575
6244
32147
32245
32296
7722
11246
29745
4412
9302
21513
30599
6902
12989
23337
5118
24754
1978
28020
5665
9324
29593
1663
20141
7290
18351
22824
11121
14652
19112
6923
19822
13892
18441
2727
4150
1142
2391
23264
18725
17924
23968
28191
24559
3607
12011
1616
16466
5275
30990
15321
22401
30686
14311
23931
4556
7597
32695
30636
26030
8813
26757
8861
5209
10000
14334
15718
20909
32394
28976
11416
30465
4593
16690
1231
22056
31113
27009
22886
4022
14044
29118
12278
28012
1184
20282
3577
8776
29541
13214
9218
17396
32661
22692
21534
11087
29945
23351
14853
16758
1278
654
27174
1381
27685
15334
17212
29595
279
13761
21895
13476
18168
8220
15893
31920
14079
23376
3512
20378
20856
27987
11435
19806
30955
20620
21425
15841
9468
28619
17621
19731
28717
28991
8930
20474
31878
5945
17621
21615
5013
18397
16921
10910
14648
25270
15662
25266
13336
25156
4884
19805
13558
16395
21482
1128
31387
11111
5640
14954
14618
4022
21040
31995
25450
29922
28208
12702
12852
11127
24539
31329
14778
5593
2276
24594
32232
16391
17261
23060
8696
27328
7255
26411
30610
16019
19180
1021
4705
16535
20937
16285
13100
21279
24485
32370
10704
17935
17843
2576
20479
10818
11901
28207
2601
21132
2240
11626
12638
17186
8894
9952
32188
5546
29078
26002
9916
19931
6358
14733
30027
24031
9176
30702
30427
29934
2312
15309
12053
25656
17046
16219
14326
7664
21335
20071
3441
6148
296
17366
24844
3145
21182
27508
15769
21630
26933
19612
19436
5771
19799
26621
27485
26313
14579
8216
15262
14272
23688
7453
31566
27462
27631
22412
26230
7507
3528
2909
19947
22003
28388
1485
31777
13891
11075
6108
12655
4732
15241
32216
13206
28621
21606
17880
6105
31210
6909
3399
1012
21028
28321
12057
19749
5261
26937
30515
4616
5416
7815
443
15425
2046
29459
12299
27342
7054
17203
8238
20653
25342
28572
15821
11304
8134
10011
6907
4709
26757
18326
2857
30868
24745
12637
6642
11742
3346
16366
16705
26816
21241
4506
22777
5407
17324
4950
8359
30043
31744
11945
31093
18843
3261
9271
22350
7657
29434
13159
25380
926
21626
17521
6753
31462
16701
16717
28379
7794
9993
25805
32462
16961
2572
13905
21837
469
2470
3943
30141
3612
27937
16436
16734
17720
10736
32023
7136
19605
7303
6224
1309
25060
26742
20563
21918
13650
24045
18627
19883
15550
6137
2775
23357
13743
13513
5468
6862
28930
1345
13930
14536
3540
31715
20033
19302
23514
32740
4585
30023
13223
17459
9089
14860
12094
22035
21669
25315
22194
30232
32588
11094
16321
26554
16760
19498
12622
10505
24840
11757
28222
29627
6708
32121
17896
11150
12657
4896
16239
25356
19128
19004
21181
20936
18427
24986
32604
12207
10684
18473
11080
15841
15202
26059
11847
3336
15934
12263
3147
22353
22344
1481
28744
25261
28711
17193
26595
12120
163
29072
29003
7530
18298
20709
16018
9946
429
18807
26431
11619
28557
18297
4104
22286
12129
10956
31485
20881
10150
24209
15555
20632
22532
6517
32444
15920
3384
9229
5193
1066
7637
25769
26772
27215
13965
6590
21883
18808
16049
9441
21629
4207
12367
20562
29317
14270
24383
32116
6754
19461
14410
14063
11591
23880
20312
15090
14924
30820
16685
13848
139
19269
23753
14534
1360
25799
8247
16416
12946
18186
5960
10020
31625
6328
29992
16607
13026
12867
7551
13382
15274
28180
13439
15711
472
17884
10107
9574
27471
20590
10962
6755
31618
28084
4714
6704
881
5280
18465
11746
10072
22650
31296
13695
21932
19045
24212
31112
31219
5784
30687
32260
1970
31311
5065
12344
29110
14649
344
25297
13965
15380
8423
23003
5954
13695
23106
20633
4733
6262
14037
11557
8510
4860
6546
1472
14535
24427
7103
22400
23082
6874
9074
23068
4931
20937
492
25449
14786
7782
1648
30937
11524
11134
9462
16307
24190
20491
22640
32458
8636
382
9539
9849
8357
28150
27770
25284
20698
29042
14803
30172
1390
8148
17865
26044
17542
2489
1042
28638
1532
3080
1757
19152
24137
16499
27926
1978
30008
32288
16142
26791
19502
6725
31437
26154
9227
439
24207
20263
22466
21053
29884
10760
16528
26565
21508
9858
15686
3941
28931
13290
6298
927
3731
6562
9579
27302
28782
8754
8704
22151
25536
7756
18912
19318
24402
15351
7452
16604
1804
19148
16185
22696
12096
18737
26216
4447
20402
24204
26659
9255
17091
14407
224
6628
1308
12435
15528
22569
7871
11502
26574
21499
14893
2329
4109
1455
28955
21540
16270
11715
4204
17727
2449
20954
30603
3554
17065
15374
2008
20116
11445
29238
26003
19241
10558
116
31732
10915
2929
26944
15010
4780
11378
6754
14630
8776
27030
12624
12911
14051
4586
21108
32646
29328
7977
6546
6584
12659
7417
16051
10910
7139
31133
2861
3907
12582
32304
17746
13398
18911
29107
18490
31614
26202
31587
21465
8048
5855
22832
2673
20813
17527
4844
28108
13623
2856
9312
24281
8097
24308
6767
4737
10006
18764
19558
27556
685
23272
28368
22074
19455
29309
15362
30173
16785
23762
1439
15713
20255
20769
7019
15750
18631
18937
14756
6164
8135
30685
8556
733
11652
4026
22969
16082
3708
17849
13278
24963
12201
19719
18844
22332
31425
16917
9571
19697
2704
6566
4066
28111
1219
31279
27500
13653
14110
15961
28280
21553
8370
10227
5694
180
19344
10666
32565
14091
21363
26115
4585
7495
27491
19953
20834
12519
20590
6915
13379
24816
29469
17828
26531
20178
32671
19232
31781
8556
25607
16087
27376
32481
12532
10828
15217
8859
11113
19344
797
13753
24157
26046
29939
19347
31192
4084
9281
21403
7278
15937
21775
2408
18141
1176
23455
19119
25610
29745
23810
31323
14414
19174
32408
20188
5972
19031
22125
21309
4089
31411
13079
19328
32401
9312
28272
7804
15461
23588
2239
24517
22313
2935
1691
23322
25216
764
5124
19821
28325
21733
11388
10204
14402
7956
12984
5737
9448
21854
17360
20782
24102
24157
31789
5777
11443
19235
10350
32714
956
22347
20060
12227
2245
26398
5930
26867
21068
9784
20106
3169
516
3422
16830
16935
12848
19196
3396
4504
27400
796
19667
24829
19122
11964
28481
20995
27776
31601
4261
28033
2173
32084
17605
10979
26240
5244
5758
21823
17625
11198
29887
1157
29360
10861
8197
27371
15638
18057
9098
31185
23358
27243
27021
24322
15389
26732
16074
31058
7865
20625
2337
30400
23125
12954
30939
15312
12904
1619
25583
1444
5327
21815
24956
18669
26559
19489
16624
6891
30820
17571
29021
20336
7348
14276
31049
19026
8681
7234
28342
12935
4540
5477
24656
22121
10069
24130
3409
3230
10899
21118
6820
12466
16977
30040
603
24678
27387
19209
29677
32664
740
3593
6423
4189
29698
29822
19753
2000
13312
2715
2284
3246
17552
31187
17946
31695
8006
31189
24604
6298
24240
14652
25809
10506
7796
2364
25532
6631
22833
19232
29445
7043
23861
3459
12827
23297
29494
7557
14179
2866
13180
24445
19397
17594
26498
9356
2788
15576
26285
10667
26902
17279
26963
2319
25444
26417
30716
4653
26006
4572
18986
26476
9987
21270
6753
911
30046
7517
26665
2496
21136
19081
4387
12899
12057
18574
1959
12179
669
13208
7779
17660
13723
29383
16237
17760
27895
28124
23008
13219
18875
13447
15637
29858
366
5629
12954
27774
5225
15352
27791
29499
28467
19168
26093
18502
17193
372
15640
18481
18215
5588
16585
7573
20228
16112
17551
24678
3886
23075
23068
10464
18570
6548
5021
29635
9239
1242
14758
5625
11109
11340
29684
26724
16995
4119
8919
10208
3277
15853
13823
16873
32124
607
30768
22359
12277
19473
7287
7489
14278
23499
7127
31414
4025
32717
17281
7335
21306
22453
25110
19679
850
8205
23347
14058
6006
382
12251
10246
25602
2760
28213
8683
4210
28858
368
9770
18903
2516
123
12939
29234
21479
14304
9250
21864
31151
31713
6747
5394
28490
2199
10885
14565
5845
22473
29757
7797
14730
13100
24098
11387
2960
29216
21603
29687
3242
11410
26137
20910
17978
15247
31262
519
29431
25913
14949
28655
1367
18956
11144
17023
21195
26204
32190
4630
4710
15917
18557
11949
11891
15893
8910
23120
232
21692
15755
15448
32632
16685
6267
28795
21310
15913
12346
27096
6407
22594
5850
26469
20220
24685
26251
1576
30167
16622
71
27749
310
14442
30818
4965
9811
20899
20721
17258
5098
3861
25139
11324
14907
17128
11734
31502
414
28454
1349
9480
2852
16965
4458
3391
18758
16710
5911
4827
2968
22311
30001
2228
11710
21733
19989
2911
14484
12066
13415
2169
5399
25871
4300
7666
12951
31534
17951
23753
14826
23970
21830
6407
25890
18698
3007
23918
11308
21156
20266
364
4764
24267
7603
959
5780
7428
6128
15617
18957
18407
26254
4757
7539
15837
9319
16198
20100
30140
26285
17210
28708
1360
26946
3082
9868
3359
16114
23281
17963
26592
31744
1895
12373
21931
32008
24025
10763
22816
7425
26651
31589
23998
9522
16243
14050
31426
4856
5874
6463
10773
31398
25055
14037
9500
2083
22362
29767
6099
31228
11585
11928
12053
19595
24776
17000
22936
26641
25221
24906
26748
22819
15635
27587
28562
1999
18650
10721
17920
23447
28934
31228
27646
10243
13695
30751
29578
16211
334
24658
24412
23159
25703
23099
5729
787
2193
4086
10249
14719
3350
29859
6377
5061
8942
22590
5176
14219
15723
4308
7141
30050
10419
21154
22626
10240
16748
22188
31298
19681
71
28818
21416
2311
31791
10606
18946
28209
5803
28573
24892
23101
8286
9897
21470
16750
24170
10664
3990
3114
27530
20425
20186
4565
32331
15256
12857
3130
22163
9195
24790
20613
1428
24885
10874
28206
22118
27011
14095
32282
7765
15250
12518
199
12400
23525
18613
16736
21668
6493
23738
25599
9351
31218
13976
2125
19441
32569
15384
31216
7611
10458
16724
6368
30095
10273
18126
10335
20772
19703
6092
362
1904
27963
24990
1956
15989
10542
16833
6416
10661
11507
25398
7395
12104
18116
4154
29326
6069
14723
25654
15315
20876
4667
7937
6686
18543
17108
8825
611
27444
29760
21213
22779
3128
21683
26247
25996
505
12109
11725
4538
2845
30600
22755
17574
6907
2384
9666
7911
31624
28647
21993
28808
20158
28086
5777
21942
15761
9389
7126
14888
14194
17193
24148
3433
8630
32408
22523
23012
20042
7406
31563
17342
8283
25674
29633
14186
22515
20625
11360
7089
14240
15037
29236
25075
23123
19115
16517
4860
2184
27860
3547
787
29871
20505
18663
2578
26334
14654
17929
13280
31339
25368
5759
3166
4639
438
7153
15958
22521
28422
13876
24951
2768
32305
4086
5175
31918
14777
16985
12937
1538
16225
11501
9128
17530
29204
15681
18630
29748
18990
17277
32765
127
20724
6667
32609
26296
3253
6338
7918
25712
14576
17597
1013
26377
15711
25682
4167
20303
28599
6156
29529
30465
2062
3271
14989
11063
135
15667
10520
1610
3073
17532
27056
22802
18913
11719
12759
19570
32308
13582
19183
23958
32528
18320
28466
32758
13123
13063
21883
22195
23244
18599
1716
12625
5616
30990
21660
29593
7642
29231
4526
5021
1102
16285
3414
19617
9496
7570
7893
22211
23475
1216
9143
29955
28614
782
11443
29191
28700
3545
24399
25286
1498
24224
31278
14767
27150
4508
13937
1155
25299
19147
1201
15264
12209
15702
11189
7416
32567
12737
7922
29993
956
613
836
9573
16070
3801
29490
29967
26129
866
25410
8965
29660
12728
32069
23057
24344
25823
10423
19524
23706
11742
32641
15656
20111
22793
32107
14095
23298
11034
28028
13410
20872
628
22871
8459
2568
14235
24146
1622
7673
6219
4527
16353
1009
30085
18359
30116
48
29406
28783
12764
3998
2504
22656
3866
14482
7412
4989
20525
663
10771
5533
12762
3211
22027
9537
10968
5787
19866
27351
31681
28786
3611
24806
31173
19403
8430
12148
11843
32479
12307
23951
10763
445
25183
1739
20984
3807
29360
22427
19805
20819
19602
11583
11041
21754
16762
3254
15539
22477
4851
11564
22699
2213
23552
15291
8503
31902
9523
419
12895
10286
2612
5773
8801
21648
29746
7758
14988
1284
30870
7365
5141
16492
9967
17552
32721
13327
32712
29145
31635
18505
20090
23216
32711
3950
14092
12670
29715
19318
323
11906
13190
31102
26455
18955
16602
21818
31761
25271
31
17061
7256
4766
8328
3739
2495
9087
9153
583
23501
9807
25213
21905
29915
9135
28094
12855
24927
16777
17239
19680
18953
29408
5210
30074
26899
32686
12926
13423
11551
28174
13866
13924
15242
14080
932
13890
831
16870
15230
32405
15713
52
2119
19194
4147
14216
1485
10067
26450
559
11321
5846
25843
27552
29959
31026
3026
24083
23001
2890
18467
8608
21538
10084
18242
6995
11071
30408
1731
4555
20682
15484
7420
13000
12566
22905
19533
9567
10028
24827
22782
14141
13051
15558
5502
14414
13925
22071
29044
17411
29523
609
24284
3990
3924
3438
2272
18825
2801
7891
32291
18622
20783
16444
32659
18154
32331
6151
17623
19509
22262
32052
8766
14781
32388
12401
28333
25232
11631
29248
1674
32447
26893
10485
2654
32232
11315
4288
25009
21692
9988
19045
22903
27645
27997
4703
24839
28008
1261
12706
12593
18794
8545
12606
13936
12619
21788
30769
1733
13955
32606
12741
22665
23438
6082
3412
9336
31525
1796
27976
25266
18694
32332
362
5950
17028
7033
18309
18185
16308
28762
22316
20402
26381
14348
20186
83
3301
24621
18482
30228
30365
2682
7795
18539
13626
9622
16119
2603
15014
15575
28176
10072
22799
16714
5906
19782
21356
5673
10794
1704
17269
30401
5987
11811
18919
9029
16102
5698
1835
16084
30143
10760
14621
31417
15939
22798
29067
12376
5021
23766
9920
17082
5224
28146
29359
27005
14568
15594
30838
14669
15314
10863
32323
3971
9579
19778
26960
10427
12715
11494
31283
1368
1445
12831
23741
9323
19329
21149
25509
4158
4903
16777
17031
30259
25641
30547
2778
11203
21879
14359
15895
12246
10889
20091
16720
12680
3532
27617
23799
5920
2466
10020
28956
533
26853
13683
26979
8078
17794
3459
21950
21025
17596
28654
16257
22435
27075
21065
27670
16316
11831
14591
11581
7861
15924
9539
9035
11780
9862
23462
5573
32713
13944
22890
26087
17140
28264
11777
26800
22930
7482
5711
20721
19320
32193
22801
7587
28170
10640
28033
25826
28281
26637
32508
6148
29905
3800
14949
32277
15952
15770
30756
23778
18661
3825
7571
15920
30872
30100
8025
13969
18208
13657
5517
197
23369
28652
11798
25916
29927
14692
29000
19707
13487
3993
12007
5040
23197
10812
5801
29704
28294
31642
26104
17607
6328
31004
31114
9271
19728
4203
2563
8039
22831
31183
19062
15208
23627
25906
26785
31403
13580
23051
19866
2403
26773
26082
8848
29348
14904
2509
6561
15622
564
24135
13749
17245
16425
5432
12675
24252
12238
7412
1622
21848
22215
23302
15329
22095
14721
28093
26495
24631
5827
6184
2970
2280
32135
22163
7758
28896
23856
22463
6468
23674
10382
22113
13298
9193
19875
15285
13026
23234
16842
32701
30771
14510
20194
6915
14474
13883
10946
32117
23782
18727
28755
11117
18531
13100
10988
13070
1884
20125
21746
4924
8921
4640
17170
219
22592
30776
21872
24861
1517
18885
21037
11751
19677
24150
9570
2359
11102
24476
20423
19531
2702
14950
16750
29618
19093
14602
6547
13584
31894
32270
8602
9182
4809
4162
1884
28614
22805
14485
1647
8845
9568
7554
25901
10798
30704
1998
8114
11804
440
32512
6769
14836
3595
16824
28957
31136
15952
10220
15102
13975
12473
1104
31269
14429
10147
30945
16077
14462
12628
10705
914
3154
33
6610
25274
22158
14657
1699
4047
4812
25095
2305
20568
1100
29543
3404
13519
18472
29422
15822
21776
23768
6699
21220
7426
7664
22060
6775
22611
28648
2506
2939
21601
29124
21586
11367
28659
372
9799
8674
20390
18978
19702
18343
32374
20720
27617
12571
10642
30102
4731
26255
25039
5214
1357
17937
14969
14371
17609
5768
1313
30578
2303
29653
21312
16570
7302
29195
29551
12276
167
10511
25267
5606
2131
13365
17500
17848
30265
23448
31276
805
9040
8092
3788
8348
15304
6830
21813
14199
16465
16307
10779
12546
10913
23478
10877
13659
9211
25745
5462
27291
4598
31788
20406
2492
29143
12058
31784
23029
11712
17936
25436
1443
27989
13737
4387
15115
3851
16647
23404
17896
8706
31545
32319
605
1140
3987
9562
24396
20429
28631
12164
15610
3399
29112
4189
27033
3308
3536
7455
13824
28769
7507
518
31676
18280
18926
23322
22394
23364
7570
2539
27083
14919
23449
25000
4625
26767
23688
1204
5788
8847
9549
11239
2584
1117
8117
23303
24610
880
26406
13291
21459
28988
23674
9923
27118
19841
30175
11629
28595
1525
16535
17548
3067
10481
4235
22787
7315
19169
21995
31563
5810
8569
23704
10656
31319
17381
4166
5181
20171
5388
4504
25454
30001
2195
17057
30991
29583
29315
13606
11355
16866
3810
17173
22979
21166
28521
31785
3908
24451
26796
15305
21440
3617
24816
28940
5951
32633
13781
29433
28643
30043
25008
12877
7193
21977
14263
3308
268
5670
16347
24837
23231
1240
17177
15193
32203
28012
3275
10145
2312
18339
20262
506
30479
22041
21592
3706
3821
5861
14295
21240
14185
7094
8593
26171
19133
4607
14516
3258
20637
20080
16368
17175
21032
3945
957
15078
4960
22909
24046
25771
28015
12190
26346
12505
8482
30844
17917
10710
31110
3285
13858
20538
17003
12740
27072
26862
1226
17281
765
1530
11261
17232
23011
31079
3554
7702
29262
5091
27490
15882
15513
4835
18268
17405
14130
30279
30210
23384
18348
17049
8589
395
4510
18273
25916
32587
20537
8775
8583
24268
31050
8721
21620
22641
983
15633
25352
26381
16810
8102
1901
22392
25692
11575
16508
11439
21235
11632
26287
9620
23920
11456
8443
1650
27467
24732
23403
10303
31390
16761
6242
29873
17338
10445
26968
16224
3460
29859
17370
30027
18410
3383
26998
25439
6175
23074
9707
10883
9340
32329
16808
11460
9977
28345
25786
19873
8660
8929
14494
21075
7239
9022
1980
7986
17302
2295
26872
11252
29040
6802
16061
7207
3140
2302
2356
29483
20669
31505
22249
3440
32530
10601
22631
32569
19447
29681
9417
23370
4643
5398
8070
18586
21172
21462
14986
23425
5567
24150
1664
29279
25635
722
30871
9938
24379
24113
15804
8407
19567
11741
12096
19365
26364
28100
13046
31223
27055
14669
12530
11707
4425
503
18717
19092
3486
18443
31007
10640
21500
8441
2762
2515
11305
28155
19404
2421
13702
15976
30209
29735
19311
3436
26042
19444
23394
13030
18962
10260
1381
31188
4673
11088
19835
2497
6012
8211
800
2099
7245
24244
22359
19180
30600
11129
26111
28374
119
13872
19744
12635
8446
15919
10338
2704
6343
22485
15770
380
14650
11296
15986
26814
16358
22290
358
11901
12198
3147
16183
24614
13944
9712
28128
16358
19142
21223
26839
11770
14540
6808
12209
23555
9555
12205
25500
25790
6880
16893
7358
14197
6271
29254
1919
30698
18583
547
9067
31551
16689
7460
24515
21101
10900
11351
18654
3623
30511
24403
980
2970
28001
10560
21041
17405
14358
23908
29474
32603
21537
31328
1237
27654
11562
18512
11165
7740
17170
31714
24113
3748
30416
3347
4355
1535
24823
10854
25721
1071
29792
5243
23686
11908
6275
344
28465
5929
23145
16498
14514
25086
16811
1380
9793
15437
6841
8500
14308
9647
16595
1853
2691
17419
22792
27921
15413
23624
8168
934
18265
25387
19309
7276
6576
18266
17052
23609
25018
20754
13868
20903
27828
30164
30118
11606
13594
23747
10254
24327
28115
2329
26578
24573
9342
6073
20637
12927
29838
22666
29153
7935
8438
12642
20133
4010
4881
29935
10889
24527
19262
11030
30162
19168
27668
28323
23573
13645
10878
2235
21137
26025
25643
30112
7785
10004
26794
6512
20983
23327
30047
20470
21492
30978
19810
4020
17806
18683
4782
4882
15180
22220
7273
20701
14422
27285
1502
32144
10591
15830
32304
21541
29657
808
32536
14871
4025
31650
26347
28943
27232
7944
663
23160
7643
21632
21341
17248
10929
28572
13619
22886
3595
13703
26403
23666
26129
15371
9492
26195
7842
20901
28584
14846
31902
14227
22246
23145
28659
3158
10668
5274
13018
18430
12250
21381
5711
16662
11351
24583
8659
17241
24110
19937
13993
17237
22102
31949
20673
203
20845
26813
9901
22618
20465
377
27066
30234
31374
20200
13806
21757
21613
3748
23191
5128
23218
1246
18789
12292
11466
22877
13509
4009
30648
10700
18804
31977
20990
13360
24365
20145
2962
18100
8624
29744
15431
11577
9922
18613
13691
25610
4606
23355
23037
11928
11302
19231
3255
1633
9511
30129
2297
23692
16898
27862
31672
16717
20843
28457
2849
29318
3035
5995
20493
10020
28254
4223
15837
18049
5642
5707
27163
23976
3764
10547
9022
24617
31946
3125
18194
12554
18995
14277
11004
18511
3663
7529
1503
20214
5344
22359
22447
19455
32632
17723
25813
10640
23747
21632
30884
10176
30106
5265
24578
19912
24051
10880
25677
16851
22175
32477
5640
9725
21420
27573
22387
30080
20866
25150
5472
29246
28621
16358
29094
7688
19490
6385
17757
11695
1082
13826
24485
32758
11250
25500
15799
5093
29826
16668
15910
20849
8839
28951
30977
19836
22717
13498
23194
24665
20633
9081
645
14739
12771
23917
30947
22941
5230
28713
21608
11272
27195
7502
9050
18303
5952
15560
4541
22188
29041
22068
13386
12529
23055
18770
27408
9096
23983
24881
6826
14734
25287
12016
20647
11509
17275
24381
17355
29924
32530
14249
2580
32468
26506
19179
13754
555
11470
16866
4001
21341
12545
26180
10313
10274
7030
5875
18772
24510
24472
19497
21544
22085
2097
4988
3211
21007
29563
25597
6807
23771
19532
25438
22144
6220
20120
32656
27341
27727
26486
20892
10293
28579
3272
23514
1583
19393
12598
3352
29798
32701
1141
22154
22668
11035
10358
5583
28767
6917
7799
19805
21036
28808
19516
11632
12615
24609
29460
26010
12147
29433
26072
3899
2105
31679
22780
12644
25099
26322
12531
30869
16614
2930
14759
13693
16968
22594
1279
22048
31937
4893
11672
31996
17646
15045
8550
22437
20281
30198
10061
1375
18337
27874
2595
11052
10003
30222
24564
12093
9902
7010
26802
18468
3484
12404
16929
12181
8504
12664
31498
7811
28088
1566
30424
5113
26651
32126
14273
1289
27078
3569
29409
24698
2612
82
14584
25511
15117
4317
24676
3904
30606
20890
10536
19405
14905
13586
27638
3048
31163
2772
4675
18724
12578
22764
16770
23883
1449
30912
11707
29118
17960
11063
32219
30472
20737
24462
8817
289
14804
17084
8266
13142
11676
11554
15182
9169
3610
2626
12438
1422
2163
28349
26226
4895
1477
2100
22105
9909
31651
22651
17469
8940
21495
21147
26082
13078
15726
13403
1699
21726
32426
31821
30513
24068
11498
32261
13743
10788
31867
5560
3315
32357
20993
24107
6783
15776
9942
983
15627
15900
29981
1531
30411
19138
16622
26622
12152
4471
24954
21714
19033
30733
31360
15974
18706
2137
15236
5478
10407
17855
19333
22840
11709
566
20071
5936
30106
9608
24154
1659
11466
11255
16853
11664
9414
29938
13
1802
17308
24002
8703
14783
22893
22800
18313
6121
1549
28726
14552
10518
10753
18666
21677
1908
3683
20284
16827
456
14868
6783
14290
29832
17745
4611
18558
27116
12325
7477
12520
892
1128
27314
28223
12504
26182
14370
31329
11087
6893
5022
10371
30485
15026
16636
5295
16738
21906
7963
28999
16772
31510
7174
3790
20735
23594
29633
18689
11768
9938
25702
2499
4553
16885
2548
17394
32054
16263
30675
2255
3878
19106
3734
24119
2754
694
8271
23426
27712
9439
2673
8182
9791
19192
11102
20621
11378
11037
21420
29463
3824
23894
29106
8587
29366
20032
3487
29941
18826
21133
22723
13417
11088
12097
30259
25981
15822
25331
31805
21293
32671
29927
7444
24859
31150
13681
21381
26175
23593
21951
3042
22626
17081
22158
23459
26980
25067
12954
30662
13320
11143
23175
12848
18617
11612
16117
3980
3323
20587
20482
2122
28587
6619
15074
1452
10046
4435
8063
2054
28381
5576
11447
154
10213
26754
30627
15504
12754
5268
18432
21457
27424
11933
4965
31407
14979
6478
11501
7091
19621
11880
31520
8703
16255
28085
20511
21930
26329
3013
31451
26425
5297
13109
8359
20675
20653
19362
17769
17115
2705
21267
12984
5812
22852
9951
14930
6627
22008
15540
6508
17395
9160
18665
32291
20980
4071
9594
9327
11429
10367
25001
22901
23783
5917
9167
9865
5815
28801
31397
15006
32395
4580
13090
21806
25354
22800
31464
14568
15997
14923
24511
17959
25430
24653
32153
3602
3242
9522
13646
28565
31666
7632
31998
22066
3149
26564
8097
17439
3224
381
26877
30636
32572
26147
10103
14263
1678
31261
17878
10440
16037
143
730
21628
28039
2448
10343
22593
22737
10821
24822
27653
6224
16
22373
26531
18751
32415
21080
19068
13482
8965
22533
31238
23159
26755
4633
29893
31071
30977
2501
7955
15512
29387
2843
30691
9207
2024
15389
13243
24065
28294
22995
19841
1215
14023
3292
2742
1067
21022
20055
3380
10560
509
15142
28813
27679
9500
31970
8191
31111
20574
29864
130
31421
11775
24273
9356
768
20161
13443
14934
9141
7330
11354
364
10397
3264
28132
24185
30852
28972
18646
13729
110
849
26471
21142
7041
29304
20404
29123
2647
595
29830
25618
12223
22639
9282
2035
6654
20318
19417
22754
12781
5378
2494
16383
13764
9004
24625
23796
28417
296
11593
27609
13768
14154
8158
23264
22472
18912
20854
21497
17838
17750
25640
20335
12504
29280
22220
5885
24551
3412
20256
23251
31911
23519
15311
20765
3258
12839
30909
26492
11455
25836
7485
17812
7232
25741
16130
19207
29257
22664
4517
6425
25816
20301
28263
888
28015
14856
13185
13440
27665
4006
2145
14737
3469
24412
13925
29421
29193
30654
8926
21639
10825
15320
2012
13737
9909
4179
2560
17649
28072
27270
12173
10300
20788
20644
24642
24682
4277
8353
30139
31700
18783
8416
31450
11010
22554
15576
23362
1895
14140
27299
11203
12254
18414
3478
10386
16789
20872
27254
7747
24742
31098
4139
14595
9302
24423
11848
10112
7890
16032
15307
17159
15055
4985
6504
16355
6595
6015
28503
26155
17643
18267
22381
22319
31958
234
23859
31225
9675
22700
21645
15352
14336
20927
9172
1544
20657
21364
9236
22778
16780
31671
24113
15439
2566
12149
22910
7909
395
28183
27298
24882
28995
3349
10426
30104
5281
1938
8257
17224
20583
16578
14625
28302
1544
17773
8076
32401
8424
15695
10897
20483
9164
1036
28828
14788
11974
4745
903
18024
7251
15326
17063
1387
4721
22820
30357
1038
29700
25858
4521
3840
7771
9908
8250
28446
17939
14689
21154
20303
31940
32562
22377
22357
15967
30116
13164
8717
18251
19394
31772
17204
24290
31951
12364
5232
32195
21539
29881
15884
13458
12326
11865
12722
22974
29954
2598
29814
14946
6911
7796
11653
6862
32203
15179
31098
26846
7142
29068
29513
29584
17686
22299
20526
21926
17083
22051
14675
14023
7708
29535
1474
22266
26160
4667
11026
23207
19255
13814
32226
19694
17596
16796
14807
190
24952
18066
19974
8158
467
4524
763
28536
23323
3783
23936
13120
767
3630
7253
20495
25368
32180
26196
13797
11138
9657
22448
13996
10596
6423
32167
5736
15385
12921
18591
29672
14109
29930
28839
9058
9288
13372
901
17728
14708
17706
4429
31481
12879
12294
30641
12582
24752
550
11251
8127
31413
21435
19495
19381
1422
26826
28718
13283
14066
68
9730
30264
4612
5296
19388
23493
5151
21566
2062
8124
9303
4782
4039
31687
8120
5908
29265
16460
4914
30758
14889
1735
17310
4745
14526
7601
7956
11098
23418
26581
9673
877
6206
23671
22519
24414
16713
22657
9162
18538
23609
26832
24152
10108
24674
1520
5929
18731
19877
23584
30741
1839
17549
20119
17382
27470
8519
32191
20291
24965
1179
31258
28231
17810
11751
16502
9804
29431
32222
22295
1056
6911
8220
12877
31398
24755
17340
7592
14513
11297
23795
4717
22324
18899
25340
21968
28863
17258
2275
4910
2090
17200
24680
7208
16088
608
10414
25197
14755
18150
26887
31062
20656
5366
18351
25176
17724
11401
13270
22507
15095
26970
24649
7578
8536
24540
3968
21698
19585
25893
2694
9836
11202
1035
10154
12967
6825
2516
1586
26802
20333
8339
28627
14563
1861
28634
11593
20607
1440
4582
23737
18549
14520
3866
19433
27075
20455
25706
5154
25353
15049
7555
8969
25820
18536
23154
20465
2949
605
29113
24892
24218
11895
15546
32566
25494
24339
9792
30649
25870
9735
17756
23369
21474
20230
13039
9703
9613
7123
26955
32380
20167
10233
30496
7984
19986
16504
16886
18188
16199
10630
24027
9138
16835
5941
27089
22432
30048
11198
4851
16548
4248
8421
19139
26145
23963
9361
865
4536
4914
22176
30700
32364
5818
22529
20677
820
2348
23670
687
2119
19155
8662
11057
25859
28160
24391
29928
27424
19813
21301
30540
15808
15436
28573
21700
23502
24400
13144
12024
18484
8761
27985
9110
27589
5137
15944
8267
29144
21516
11360
30746
9554
2248
14056
4705
24335
7512
15639
25719
7607
5633
26306
10425
21896
9642
29845
5063
10164
27505
27623
12487
32186
6586
18297
10666
30897
25451
14396
9105
16025
29466
26664
19462
26630
6710
31042
13354
32071
28369
4306
27667
32209
17665
28778
25499
7327
26365
16004
51
17034
10471
4943
19255
12732
837
23008
16124
25153
21727
17189
20684
19654
4595
8314
19549
9676
5359
10361
29709
17570
8252
25224
525
24165
23831
24019
8605
129
22509
13802
14936
6338
11860
25675
19983
29715
23884
21154
21276
9574
8897
23553
2186
21507
16398
12196
28678
21339
11985
22090
28491
32014
29997
3908
27614
6712
3379
21136
8569
13105
4308
9799
14345
30236
421
11654
1423
5754
25847
17750
20551
12606
4901
14429
14583
5030
6419
23353
21636
21749
24858
13738
25917
19161
6774
694
21459
1496
27833
12160
20865
7401
18619
6677
5127
6930
30853
10609
1527
25228
12494
18403
24423
4630
1508
31896
10572
6569
22885
11196
27060
23654
20738
4974
22622
17013
23972
26451
20179
16792
261
11743
21808
5501
1578
31413
20551
14656
17404
32561
14272
18416
11032
24258
27065
9172
24868
24620
15925
16081
17748
11142
17974
17783
12485
406
29712
6267
30883
29297
4436
20429
22390
13079
26898
27944
32692
24773
32580
30411
14086
15594
29452
28853
22525
23052
32040
9950
5155
12333
8636
3512
23259
15189
2618
9280
8006
31167
5752
22902
12404
18469
17014
5921
16312
9635
17243
14883
32380
15138
28058
16722
3754
1455
23397
31798
589
16117
32660
8438
17164
9284
7282
14550
8643
22203
12462
12030
23879
7526
21106
24645
30744
13060
6959
19493
25808
13191
10788
17872
9310
15544
29767
2139
11529
961
16801
25489
25341
4981
14852
31686
15769
19009
12262
18236
23925
24975
20394
31765
5325
23411
31091
15597
16745
4546
11841
26085
29414
662
5245
25972
19857
3439
19785
5194
20229
32758
4171
2365
8653
16204
15366
26123
31458
20066
10825
16063
17072
22107
12707
4998
1958
31719
18493
25945
32142
15413
30863
14074
365
25952
8555
19272
8012
28599
13621
31659
19682
12067
31265
11775
26424
24773
26100
7577
26037
9973
30679
7203
31590
4909
16915
15846
27093
25018
14129
17665
27565
32737
15639
25082
3200
32161
4585
10683
3825
9643
18817
24391
23886
2284
1785
25239
46
7927
6357
5799
26133
7274
6642
32448
15903
3746
26809
5796
11168
